000 100 (720,1280,3)
001 100 (720,1280,3)
002 100 (720,1280,3)
003 100 (720,1280,3)
004 100 (720,1280,3)
005 100 (720,1280,3)
006 100 (720,1280,3)
007 100 (720,1280,3)
008 100 (720,1280,3)
009 100 (720,1280,3)
010 100 (720,1280,3)
011 100 (720,1280,3)
012 100 (720,1280,3)
013 100 (720,1280,3)
014 100 (720,1280,3)
015 100 (720,1280,3)
016 100 (720,1280,3)
017 100 (720,1280,3)
018 100 (720,1280,3)
019 100 (720,1280,3)
020 100 (720,1280,3)
021 100 (720,1280,3)
022 100 (720,1280,3)
023 100 (720,1280,3)
024 100 (720,1280,3)
025 100 (720,1280,3)
026 100 (720,1280,3)
027 100 (720,1280,3)
028 100 (720,1280,3)
029 100 (720,1280,3)
030 100 (720,1280,3)
031 100 (720,1280,3)
032 100 (720,1280,3)
033 100 (720,1280,3)
034 100 (720,1280,3)
035 100 (720,1280,3)
036 100 (720,1280,3)
037 100 (720,1280,3)
038 100 (720,1280,3)
039 100 (720,1280,3)
040 100 (720,1280,3)
041 100 (720,1280,3)
042 100 (720,1280,3)
043 100 (720,1280,3)
044 100 (720,1280,3)
045 100 (720,1280,3)
046 100 (720,1280,3)
047 100 (720,1280,3)
048 100 (720,1280,3)
049 100 (720,1280,3)
050 100 (720,1280,3)
051 100 (720,1280,3)
052 100 (720,1280,3)
053 100 (720,1280,3)
054 100 (720,1280,3)
055 100 (720,1280,3)
056 100 (720,1280,3)
057 100 (720,1280,3)
058 100 (720,1280,3)
059 100 (720,1280,3)
060 100 (720,1280,3)
061 100 (720,1280,3)
062 100 (720,1280,3)
063 100 (720,1280,3)
064 100 (720,1280,3)
065 100 (720,1280,3)
066 100 (720,1280,3)
067 100 (720,1280,3)
068 100 (720,1280,3)
069 100 (720,1280,3)
070 100 (720,1280,3)
071 100 (720,1280,3)
072 100 (720,1280,3)
073 100 (720,1280,3)
074 100 (720,1280,3)
075 100 (720,1280,3)
076 100 (720,1280,3)
077 100 (720,1280,3)
078 100 (720,1280,3)
079 100 (720,1280,3)
080 100 (720,1280,3)
081 100 (720,1280,3)
082 100 (720,1280,3)
083 100 (720,1280,3)
084 100 (720,1280,3)
085 100 (720,1280,3)
086 100 (720,1280,3)
087 100 (720,1280,3)
088 100 (720,1280,3)
089 100 (720,1280,3)
090 100 (720,1280,3)
091 100 (720,1280,3)
092 100 (720,1280,3)
093 100 (720,1280,3)
094 100 (720,1280,3)
095 100 (720,1280,3)
096 100 (720,1280,3)
097 100 (720,1280,3)
098 100 (720,1280,3)
099 100 (720,1280,3)
100 100 (720,1280,3)
101 100 (720,1280,3)
102 100 (720,1280,3)
103 100 (720,1280,3)
104 100 (720,1280,3)
105 100 (720,1280,3)
106 100 (720,1280,3)
107 100 (720,1280,3)
108 100 (720,1280,3)
109 100 (720,1280,3)
110 100 (720,1280,3)
111 100 (720,1280,3)
112 100 (720,1280,3)
113 100 (720,1280,3)
114 100 (720,1280,3)
115 100 (720,1280,3)
116 100 (720,1280,3)
117 100 (720,1280,3)
118 100 (720,1280,3)
119 100 (720,1280,3)
120 100 (720,1280,3)
121 100 (720,1280,3)
122 100 (720,1280,3)
123 100 (720,1280,3)
124 100 (720,1280,3)
125 100 (720,1280,3)
126 100 (720,1280,3)
127 100 (720,1280,3)
128 100 (720,1280,3)
129 100 (720,1280,3)
130 100 (720,1280,3)
131 100 (720,1280,3)
132 100 (720,1280,3)
133 100 (720,1280,3)
134 100 (720,1280,3)
135 100 (720,1280,3)
136 100 (720,1280,3)
137 100 (720,1280,3)
138 100 (720,1280,3)
139 100 (720,1280,3)
140 100 (720,1280,3)
141 100 (720,1280,3)
142 100 (720,1280,3)
143 100 (720,1280,3)
144 100 (720,1280,3)
145 100 (720,1280,3)
146 100 (720,1280,3)
147 100 (720,1280,3)
148 100 (720,1280,3)
149 100 (720,1280,3)
150 100 (720,1280,3)
151 100 (720,1280,3)
152 100 (720,1280,3)
153 100 (720,1280,3)
154 100 (720,1280,3)
155 100 (720,1280,3)
156 100 (720,1280,3)
157 100 (720,1280,3)
158 100 (720,1280,3)
159 100 (720,1280,3)
160 100 (720,1280,3)
161 100 (720,1280,3)
162 100 (720,1280,3)
163 100 (720,1280,3)
164 100 (720,1280,3)
165 100 (720,1280,3)
166 100 (720,1280,3)
167 100 (720,1280,3)
168 100 (720,1280,3)
169 100 (720,1280,3)
170 100 (720,1280,3)
171 100 (720,1280,3)
172 100 (720,1280,3)
173 100 (720,1280,3)
174 100 (720,1280,3)
175 100 (720,1280,3)
176 100 (720,1280,3)
177 100 (720,1280,3)
178 100 (720,1280,3)
179 100 (720,1280,3)
180 100 (720,1280,3)
181 100 (720,1280,3)
182 100 (720,1280,3)
183 100 (720,1280,3)
184 100 (720,1280,3)
185 100 (720,1280,3)
186 100 (720,1280,3)
187 100 (720,1280,3)
188 100 (720,1280,3)
189 100 (720,1280,3)
190 100 (720,1280,3)
191 100 (720,1280,3)
192 100 (720,1280,3)
193 100 (720,1280,3)
194 100 (720,1280,3)
195 100 (720,1280,3)
196 100 (720,1280,3)
197 100 (720,1280,3)
198 100 (720,1280,3)
199 100 (720,1280,3)
200 100 (720,1280,3)
201 100 (720,1280,3)
202 100 (720,1280,3)
203 100 (720,1280,3)
204 100 (720,1280,3)
205 100 (720,1280,3)
206 100 (720,1280,3)
207 100 (720,1280,3)
208 100 (720,1280,3)
209 100 (720,1280,3)
210 100 (720,1280,3)
211 100 (720,1280,3)
212 100 (720,1280,3)
213 100 (720,1280,3)
214 100 (720,1280,3)
215 100 (720,1280,3)
216 100 (720,1280,3)
217 100 (720,1280,3)
218 100 (720,1280,3)
219 100 (720,1280,3)
220 100 (720,1280,3)
221 100 (720,1280,3)
222 100 (720,1280,3)
223 100 (720,1280,3)
224 100 (720,1280,3)
225 100 (720,1280,3)
226 100 (720,1280,3)
227 100 (720,1280,3)
228 100 (720,1280,3)
229 100 (720,1280,3)
230 100 (720,1280,3)
231 100 (720,1280,3)
232 100 (720,1280,3)
233 100 (720,1280,3)
234 100 (720,1280,3)
235 100 (720,1280,3)
236 100 (720,1280,3)
237 100 (720,1280,3)
238 100 (720,1280,3)
239 100 (720,1280,3)
240 100 (720,1280,3)
241 100 (720,1280,3)
242 100 (720,1280,3)
243 100 (720,1280,3)
244 100 (720,1280,3)
245 100 (720,1280,3)
246 100 (720,1280,3)
247 100 (720,1280,3)
248 100 (720,1280,3)
249 100 (720,1280,3)
250 100 (720,1280,3)
251 100 (720,1280,3)
252 100 (720,1280,3)
253 100 (720,1280,3)
254 100 (720,1280,3)
255 100 (720,1280,3)
256 100 (720,1280,3)
257 100 (720,1280,3)
258 100 (720,1280,3)
259 100 (720,1280,3)
260 100 (720,1280,3)
261 100 (720,1280,3)
262 100 (720,1280,3)
263 100 (720,1280,3)
264 100 (720,1280,3)
265 100 (720,1280,3)
266 100 (720,1280,3)
267 100 (720,1280,3)
268 100 (720,1280,3)
269 100 (720,1280,3)
